1319353200 104
1319439600 104
1319526000 102
1319612400 98
1319698800 97
1319785200 98
1319871600 99
1319958000 99
1320044400 101
1320130800 101
1320217200 102
1320303600 105
1320390000 107
1320476400 106
1320562800 105
1320652800 108
1320739200 109
1320825600 110
1320912000 113
1320998400 116
1321084800 118
1321171200 121
1321257600 122
1321344000 122
1321430400 121
1321516800 119
1321603200 120
1321689600 123
1321776000 129
1321862400 136
1321948800 143
1322035200 151
1322121600 159
1322208000 167
1322294400 176
1322380800 185
1322467200 195
1322553600 204
1322640000 205
1322726400 207
1322812800 206
1322899200 210
1322985600 215
1323072000 226
1323158400 238
1323244800 250
1323331200 262
1323417600 276
1323504000 290
1323590400 305
1323676800 321
1323763200 335
1323849600 343
1323936000 358
1324022400 352
1324108800 337
1324195200 320
1324281600 312
1324368000 300
1324454400 291
1324540800 286
1324627200 294
1324713600 308
1324800000 323
1324886400 339
1324972800 356
1325059200 374
1325145600 384
1325232000 374
1325318400 365
1325404800 364
1325491200 373
1325577600 384
1325664000 382
1325750400 382
1325836800 377
1325923200 366
1326009600 348
1326096000 334
1326182400 324
1326268800 323
1326355200 327
1326441600 341
1326528000 344
1326614400 346
1326700800 348
1326787200 346
1326873600 339
1326960000 330
1327046400 326
1327132800 328
1327219200 327
1327305600 333
1327392000 336
1327478400 343
1327564800 360
1327651200 367
1327737600 381
1327824000 382
1327910400 383
1327996800 381
1328083200 395
1328169600 408
1328256000 410
1328342400 413
1328428800 407
1328515200 404
1328601600 397
1328688000 393
1328774400 393
1328860800 389
1328947200 382
1329033600 393
1329120000 404
1329206400 396
1329292800 381
1329379200 361
1329465600 342
1329552000 401
1329638400 380
1329724800 361
1329811200 342
1329897600 326
1329984000 309
1330070400 293
1330156800 278
1330243200 264
1330329600 250
1330416000 237
1330502400 232
1330588800 224
1330675200 222
1330761600 217
1330848000 212
1330934400 203
1331020800 201
1331107200 199
1331193600 199
1331280000 204
1331366400 211
1331452800 222
1331535600 234
1331622000 246
1331708400 245
1331794800 239
1331881200 235
1331967600 228
1332054000 216
1332140400 208
1332226800 197
1332313200 188
1332399600 188
1332486000 188
1332572400 188
1332658800 188
1332745200 207
1332831600 216
1332918000 221
1333004400 215
1333090800 209
1333177200 199
1333263600 190
1333350000 185
1333436400 188
1333522800 187
1333609200 188
1333695600 184
1333782000 181
1333868400 184
1333954800 186
1334041200 190
1334127600 187
1334214000 178
1334300400 169
1334386800 166
1334473200 171
1334559600 176
1334646000 184
1334732400 192
1334818800 190
1334991600 187
1335078000 184
1335164400 182
1335250800 186
1335337200 187
1335423600 191
1335510000 191
1335596400 190
1335682800 189
1335769200 187
1335855600 185
1335942000 186
1336028400 189
1336114800 184
1336201200 185
1336287600 190
1336374000 195
1336460400 196
1336546800 200
1336633200 205
1336719600 203
1336806000 193
1336892400 185
1336978800 187
1337065200 194
1337151600 193
1337238000 185
1337324400 175
1337410800 169
1337497200 164
1337583600 155
1337670000 147
1337756400 144
1337842800 141
1337929200 140
1338015600 138
1338102000 133
1338188400 130
1338274800 136
1338361200 134
1338447600 133
1338534000 131
1338620400 131
1338706800 135
1338793200 140
1338879600 147
1338966000 152
1339052400 150
1339138800 149
1339225200 149
1339311600 147
1339398000 144
1339484400 141
1339570800 143
1339657200 141
1339743600 136
1339830000 138
1339916400 145
1340002800 153
1340089200 159
1340175600 165
1340262000 172
1340348400 176
1340434800 174
1340521200 162
1340521200 166
1340607600 159
1340694000 160
1340780400 166
1340866800 173
1340953200 169
1341039600 167
1341126000 167
1341212400 166
1341298800 166
1341385200 164
1341471600 171
1341558000 178
1341644400 186
1341730800 193
1341817200 199
1341903600 196
1341990000 191
1342076400 190
1342162800 191
1342249200 199
1342335600 206
1342422000 201
1342508400 190
1342594800 183
1342681200 182
1342767600 182
1342854000 189
1342940400 188
1343026800 185
1343113200 182
1343199600 182
1343286000 180
1343372400 182
1343458800 181
1343545200 182
1343631600 186
1343718000 193
1343804400 195
1343890800 203
1343977200 206
1344063600 202
1344150000 203
1344236400 211
1344322800 206
1344409200 204
1344495600 201
1344582000 199
1344668400 207
1344754800 214
1344841200 213
1344927600 213
1345014000 197
1345100400 189
1345186800 188
1345273200 187
1345359600 188
1345446000 192
1345532400 194
1345618800 192
1345705200 192
1345791600 186
1345878000 182
1345964400 178
1346050800 173
1346137200 173
1346223600 169
1346310000 168
1346396400 162
1346482800 158
1346569200 157
1346655600 155
1346742000 156
1346828400 158
1346914800 163
1347001200 163
1347087600 159
1347174000 159
1347260400 166
1347346800 169
1347433200 174
1347519600 182
1347606000 186
1347692400 184
1347778800 186
1347865200 188
1347951600 187
1348038000 187
1348124400 188
1348210800 188
1348297200 184
1348383600 182
1348470000 173
1348556400 176
1348642800 179
1348729200 170
1348815600 169
1348902000 165
1348988400 173
1349074800 179
1349161200 182
1349247600 181
1349334000 186
1349420400 179
1349506800 181
1349593200 184
1349679600 189
1349766000 194
1349852400 197
1349938800 197
1350025200 201
1350111600 198
1350198000 194
1350284400 194
1350370800 190
1350457200 194
1350543600 195
1350630000 202
1350716400 205
1350802800 209
1350889200 212
1350975600 217
1351062000 215
1351148400 223
1351234800 221
1351321200 216
1351407600 212
1351494000 209
1351580400 208
1351666800 209
1351753200 215
1351839600 215
1351926000 223
1352012400 227
1352102400 227
1352188800 227
1352275200 227
1352361600 227
1352448000 227
1352534400 227
1352707200 208
1352793600 204
1352880000 204
1352966400 211
1353052800 210
1353139200 216
1353225600 218
1353312000 212
1353398400 201
1353484800 190
1353571200 183
1353657600 175
1353744000 166
1353830400 157
1353916800 149
1354003200 141
1354089600 138
1354176000 138
1354262400 135
1354348800 138
1354435200 142
1354521600 144
1354608000 150
1354694400 157
1354780800 162
1354867200 162
1354953600 153
1355040000 153
1355126400 145
1355212800 139
1355299200 136
1355385600 137
1355472000 136
1355558400 136
1355644800 137
1355731200 137
1355817600 139
1355904000 143
1355990400 143
1356076800 136
1356163200 129
1356249600 123
1356336000 120
1356422400 119
1356508800 117
1356595200 115
1356681600 114
1356768000 109
1356854400 106
1356940800 104
1357027200 103
1357113600 104
1357200000 108
1357286400 112
1357372800 114
1357459200 119
1357545600 124
1357632000 123
1357718400 120
1357804800 116
1357891200 115
1357977600 115
1358064000 114
1358150400 112
1358236800 111
1358323200 112
1358409600 116
1358496000 118
1358582400 122
1358668800 122
1358755200 124
1358841600 122
1358928000 121
1359014400 120
1359100800 121
1359187200 121
1359273600 122
1359360000 126
1359446400 128
1359532800 129
1359619200 128
1359705600 126
1359792000 123
1359878400 117
1359964800 118
1360051200 117
1360137600 117
1360224000 118
1360310400 121
1360396800 126
1360483200 127
1360569600 130
1360656000 133
1360742400 133
1360828800 133
1360915200 131
1361001600 126
1361088000 126
1361174400 128
1361260800 131
1361347200 129
1361433600 128
1361520000 129
1361606400 131
1361692800 132
1361779200 134
1361865600 135
1361952000 136
1362038400 134
1362124800 134
1362211200 138
1362297600 141
1362384000 143
1362470400 147
1362556800 151
1362643200 152
1362729600 157
1362816000 162
1362902400 158
1362985200 154
1363071600 154
1363158000 155
1363244400 154
1363330800 156
1363417200 156
1363503600 156
1363590000 155
1363676400 158
1363762800 163
1363849200 168
1363935600 163
1364022000 162
1364108400 167
1364194800 169
1364281200 169
1364367600 170
1364454000 174
1364540400 176
1364626800 179
1364713200 181
1364799600 182
1364886000 181
1364972400 181
1365058800 181
1365145200 181
1365231600 181
1365318000 181
1365404400 180
1365490800 180
1365577200 186
1365663600 188
1365750000 185
1365836400 186
1365922800 184
1366009200 185
1366095600 192
1366182000 193
1366268400 193
1366354800 193
1366441200 191
1366527600 191
1366614000 190
1366700400 188
1366786800 186
1366873200 184
1366959600 185
1367046000 185
1367132400 183
1367218800 184
1367305200 186
1367391600 186
1367478000 188
1367564400 184
1367650800 183
1367737200 182
1367823600 184
1367910000 183
1367996400 186
1368082800 186
1368169200 185
1368255600 187
1368342000 184
1368428400 185
1368514800 188
1368601200 184
1368687600 183
1368774000 182
1368860400 182
1368946800 179
1369033200 180
1369119600 181
1369206000 182
1369292400 183
1369378800 182
1369465200 178
1369551600 177
1369638000 181
1369724400 187
1369810800 192
1369897200 195
1369983600 197
1370070000 193
1370156400 196
1370242800 194
1370329200 192
1370415600 186
1370502000 178
1370588400 174
1370674800 173
1370761200 176
1370847600 181
1370934000 182
1371020400 176
1371106800 176
1371193200 179
1371279600 184
1371366000 183
1371452400 187
1371538800 189
1371625200 187
1371711600 187
1371798000 184
1371884400 183
1371970800 185
1372057200 190
1372143600 197
1372230000 201
1372316400 193
1372402800 187
1372489200 182
1372575600 177
1372662000 174
1372748400 175
1372834800 182
1372921200 184
1373007600 188
1373094000 187
1373180400 187
1373266800 193
1373353200 198
1373439600 203
1373526000 213
1373612400 224
1373698800 236
1373785200 247
1373871600 251
1373958000 249
1374044400 249
1374130800 249
1374217200 249
1374303600 249
1374390000 249
1374476400 279
1374562800 277
1374649200 275
1374735600 275
1374822000 273
1374908400 272
1374994800 264
1375081200 263
1375167600 255
1375254000 252
1375340400 255
1375426800 260
1375513200 264
1375599600 270
1375686000 283
1375772400 297
1375858800 311
1375945200 326
1376031600 342
1376118000 360
1376204400 375
1376290800 385
1376377200 386
1376463600 373
1376550000 360
1376636400 359
1376722800 364
1376809200 378
1376895600 383
1376982000 393
1377068400 392
1377154800 381
1377241200 372
1377327600 357
1377414000 341
1377500400 323
1377586800 309
1377673200 302
1377759600 300
1377846000 308
1377932400 316
1378018800 331
1378105200 344
1378191600 362
1378278000 370
1378364400 379
1378450800 384
1378537200 382
1378623600 383
1378710000 391
1378796400 401
1378882800 403
1378969200 399
1379055600 397
1379142000 385
1379228400 371
1379314800 357
1379401200 345
1379487600 335
1379574000 327
1379660400 317
1379746800 304
1379833200 304
1379919600 295
1380006000 280
1380092400 271
1380178800 259
1380265200 248
1380351600 252
1380438000 264
1380524400 276
1380610800 287
1380697200 289
1380783600 297
1380870000 310
1380956400 319
1381042800 317
1381129200 307
1381215600 307
1381302000 307
1381388400 307
1381474800 307
1381561200 307
1381647600 307
1381820400 286
1381906800 296
1381993200 296
1382079600 303
1382166000 312
1382252400 311
1382338800 310
1382425200 303
1382511600 301
1382598000 298
1382684400 294
1382770800 291
1382857200 290
1382943600 287
1383030000 289
1383116400 291
1383202800 291
1383289200 293
1383375600 292
1383462000 290
1383552000 288
1383638400 284
1383724800 279
1383811200 282
1383897600 278
1383984000 284
1384070400 286
1384156800 291
1384243200 295
1384329600 306
1384416000 309
1384502400 316
1384588800 322
1384675200 324
1384761600 316
1384848000 309
1384934400 309
1385020800 311
1385107200 304
1385193600 305
1385280000 303
1385366400 315
1385452800 315
1385539200 315
1385625600 315
1385712000 315
1385798400 315
1385884800 315
1385971200 307
1386057600 314
1386144000 315
1386230400 324
1386316800 325
1386403200 322
1386489600 332
1386576000 340
1386662400 348
1386748800 357
1386835200 361
1386921600 366
1387008000 373
1387094400 377
1387180800 371
1387267200 354
1387353600 341
1387440000 332
1387526400 335
1387612800 334
1387699200 339
1387785600 349
1387872000 356
1387958400 356
1388044800 359
1388131200 358
1388217600 354
1388304000 360
1388390400 364
1388476800 368
1388563200 364
1388649600 362
1388736000 359
1388822400 355
1388908800 354
1388995200 353
1389081600 355
1389168000 355
1389254400 355
1389340800 368
1389427200 375
1389513600 374
1389600000 375
1389686400 370
1389772800 369
1389859200 370
1389945600 370
1390032000 380
1390118400 381
1390204800 386
1390291200 385
1390377600 386
1390464000 396
1390550400 409
1390636800 411
1390723200 404
1390809600 397
1390896000 382
1390982400 370
1391068800 369
1391155200 374
1391241600 382
1391328000 393
1391414400 411
1391500800 430
1391587200 434
1391673600 454
1391760000 454
1391846400 437
1391932800 423
1392019200 415
1392105600 401
1392192000 394
1392278400 388
1392364800 375
1392451200 374
1392537600 383
1392624000 389
1392710400 387
1392796800 393
1392883200 394
1392969600 408
1393056000 424
1393142400 442
1393228800 450
1393315200 431
1393401600 410
1393488000 389
1393574400 375
1393660800 378
1393747200 386
1393833600 379
1393920000 374
1394006400 376
1394092800 380
1394179200 377
1394265600 377
1394352000 381
1394434800 381
1394521200 386
1394607600 388
1394694000 387
1394780400 381
1394866800 366
1394953200 354
1395039600 340
1395126000 325
1395212400 314
1395298800 310
1395385200 305
1395471600 303
1395558000 305
1395644400 313
1395730800 314
1395817200 320
1395903600 329
1395990000 334
1396076400 344
1396162800 345
1396249200 346
1396335600 354
1396422000 361
1396508400 368
1396594800 378
1396681200 378
1396767600 387
1396854000 381
1396940400 384
1397026800 390
1397113200 393
1397199600 394
1397286000 393
1397372400 391
1397458800 385
1397545200 378
1397631600 371
1397718000 357
1397804400 343
1397890800 329
1397977200 318
1398063600 322
1398150000 333
1398236400 349
1398322800 360
1398409200 363
1398495600 372
1398582000 390
1398668400 399
1398754800 413
1398841200 425
1398927600 447
1399014000 470
1399100400 489
1399186800 478
1399273200 468
1399359600 473
1399446000 482
1399532400 507
1399618800 533
1399705200 558
1399791600 573
1399964400 516
1400050800 490
1400137200 465
1400223600 441
1400310000 418
1400396400 397
1400482800 395
1400569200 400
1400655600 416
1400742000 430
1400828400 435
1400914800 436
1401001200 426
1401087600 415
1401174000 410
1401260400 404
1401346800 395
1401433200 390
1401519600 387
1401606000 383
1401692400 376
1401778800 375
1401865200 390
1401951600 407
1402038000 417
1402124400 413
1402210800 422
1402297200 429
1402383600 440
1402470000 457
1402556400 468
1402642800 460
1402729200 454
1402815600 448
1402902000 455
1402988400 452
1403074800 448
1403161200 457
1403247600 443
1403334000 437
1403420400 428
1403506800 413
1403593200 404
1403679600 404
1403766000 418
1403852400 417
1403938800 412
1404025200 416
1404111600 406
1404198000 401
1404284400 407
1404370800 416
1404457200 409
1404543600 404
1404630000 400
1404716400 391
1404802800 389
1404889200 407
1404975600 407
1405062000 410
1405148400 400
1405234800 394
1405321200 385
1405407600 378
1405494000 373
1405580400 377
1405666800 387
1405753200 387
1405839600 382
1405926000 385
1406012400 388
1406098800 389
1406185200 401
1406271600 412
1406358000 407
1406444400 390
1406530800 373
1406617200 370
1406703600 369
1406790000 366
1406876400 368
1406962800 373
1407049200 374
1407135600 369
1407222000 366
1407308400 370
1407394800 371
1407481200 371
1407567600 372
1407654000 375
1407740400 382
1407826800 379
1407913200 375
1407999600 374
1408086000 378
1408172400 381
1408258800 382
1408345200 375
1408431600 367
1408518000 366
1408604400 360
1408690800 357
1408777200 346
1408863600 334
1408950000 320
1409036400 305
1409122800 295
1409209200 280
1409295600 268
1409382000 255
1409468400 243
1409554800 247
1409641200 258
1409727600 270
1409814000 281
1409900400 272
1409986800 260
1410073200 259
1410159600 254
1410246000 249
1410332400 244
1410418800 236
1410505200 228
1410591600 240
1410678000 252
1410764400 265
1410850800 279
1410937200 291
1411023600 300
1411110000 306
1411196400 299
1411282800 290
1411369200 284
1411455600 271
1411542000 275
1411628400 281
1411714800 291
1411801200 290
1411887600 295
1411974000 296
1412060400 296
1412146800 296
1412233200 297
1412319600 297
1412406000 302
1412492400 293
1412578800 293
1412665200 299
1412751600 304
1412838000 315
1412924400 323
1413010800 326
1413097200 322
1413183600 320
1413270000 315
1413356400 312
1413442800 306
1413529200 300
1413615600 294
1413702000 291
1413788400 292
1413874800 287
1413961200 286
1414047600 280
1414134000 279
1414220400 285
1414306800 289
1414393200 283
1414479600 278
1414566000 278
1414652400 276
1414738800 277
1414825200 280
1414911600 273
1415001600 270
1415088000 260
1415174400 261
1415260800 257
1415347200 249
1415433600 254
1415520000 252
1415606400 258
1415692800 264
1415779200 263
1415865600 262
1415952000 257
1416038400 256
1416124800 250
1416211200 246
1416297600 242
1416384000 243
1416470400 241
1416556800 237
1416643200 237
1416729600 246
1416816000 254
1416902400 256
1416988800 265
1417075200 269
1417161600 261
1417248000 260
1417334400 267
1417420800 275
1417507200 279
1417593600 279
1417680000 281
1417766400 279
1417852800 292
1417939200 307
1418025600 301
1418112000 285
1418198400 273
1418284800 272
1418371200 262
1418457600 261
1418544000 262
1418630400 264
1418716800 263
1418803200 265
1418889600 266
1418976000 266
1419062400 268
1419148800 267
1419235200 263
1419321600 262
1419408000 259
1419494400 257
1419580800 255
1419667200 252
1419753600 253
1419840000 250
1419926400 247
1420012800 251
1420099200 255
1420185600 255
1420272000 257
1420358400 261
1420444800 265
1420531200 261
1420617600 262
1420704000 262
1420790400 260
1420876800 257
1420963200 251
1421049600 253
1421136000 253
1421222400 258
1421308800 259
1421395200 260
1421481600 265
1421568000 275
1421654400 287
1421740800 291
1421827200 294
1421913600 290
1422000000 284
1422086400 279
1422172800 276
1422259200 270
1422345600 269
1422432000 269
1422518400 271
1422604800 272
1422691200 271
1422777600 280
1422864000 274
1422950400 275
1423036800 271
1423123200 266
1423209600 261
1423296000 260
1423382400 258
1423468800 256
1423555200 254
1423641600 255
1423728000 257
1423814400 255
1423900800 254
1423987200 257
1424073600 259
1424160000 266
1424246400 276
1424332800 281
1424419200 288
1424505600 284
1424592000 280
1424678400 275
1424764800 269
1424851200 269
1424937600 265
1425024000 261
1425110400 256
1425196800 253
1425283200 249
1425369600 247
1425456000 244
1425542400 241
1425628800 242
1425715200 240
1425801600 240
1425884400 242
1425970800 247
1426057200 249
1426143600 250
1426230000 247
1426316400 244
1426402800 241
1426489200 237
1426575600 236
1426662000 234
1426748400 231
1426834800 228
1426921200 226
1427007600 223
1427094000 220
1427180400 213
1427266800 205
1427353200 202
1427439600 203
1427526000 202
1427612400 203
1427698800 203
1427785200 203
1427871600 204
1427958000 205
1428044400 204
1428130800 206
1428217200 204
1428303600 203
1428390000 206
1428476400 207
1428562800 213
1428649200 220
1428735600 224
1428822000 225
1428908400 224
1428994800 218
1429081200 214
1429167600 211
1429254000 209
1429340400 208
1429426800 206
1429513200 205
1429599600 208
1429686000 209
1429772400 205
1429858800 206
1429945200 205
1430031600 202
1430118000 198
1430204400 194
1430290800 193
1430377200 201
1430463600 212
1430550000 223
1430636400 235
1430722800 243
1430809200 231
1430895600 221
1430982000 216
1431068400 213
1431154800 210
1431241200 208
1431327600 208
1431414000 210
1431500400 211
1431586800 212
1431673200 214
1431759600 216
1431846000 219
1431932400 220
1432018800 220
1432105200 220
1432191600 216
1432278000 214
1432364400 211
1432450800 210
1432537200 210
1432623600 216
1432710000 223
1432796400 225
1432882800 227
1432969200 231
1433055600 238
1433142000 241
1433228400 239
1433314800 234
1433401200 231
1433487600 228
1433574000 222
1433660400 217
1433746800 219
1433833200 223
1433919600 232
1434006000 229
1434092400 226
1434178800 224
1434265200 220
1434351600 220
1434438000 218
1434524400 221
1434610800 221
1434697200 217
1434783600 220
1434870000 221
1434956400 222
