1435042800 1523
1434178800 1538
1434956400 1543
1434092400 1568
1434870000 1543
1434006000 1568
1434783600 1567
1433919600 1579
1434697200 1567
1433833200 1579
1434610800 1554
1433746800 1583
1434524400 1554
1433660400 1650
1434438000 1542
1433574000 1650
1434351600 1542
1433487600 1692
1434265200 1521
1433401200 1692
1433314800 1644
1432450800 1549
1433228400 1644
1432364400 1578
1433142000 1610
1432278000 1578
1433055600 1571
1432191600 1606
1432969200 1571
1432105200 1606
1432882800 1564
1432018800 1579
1432796400 1564
1431932400 1579
1432710000 1544
1431846000 1559
1432623600 1544
