143095680000 358
143104320000 357
143112960000 356
143121600000 357
143130240000 359
143138880000 363
143147520000 365
143156160000 364
143164800000 364
143173440000 363
143182080000 352
143190720000 339
143199360000 332
143208000000 333
143216640000 338
143225280000 345
143233920000 348
143242560000 349
143251200000 348
143259840000 347
143268480000 345
143277120000 347
143285760000 349
143294400000 352
143303040000 353
143311680000 353
143320320000 358
143328960000 363
143337600000 367
143346240000 367
143354880000 370
143363520000 368
143372160000 366
143380800000 368
143389440000 371
143398080000 373
143406720000 378
143415360000 377
143424000000 373
143432640000 364
143441280000 358
143449920000 355
143458560000 358
143467200000 363
143475840000 366
143484480000 375
143493120000 379
143501760000 396
143510400000 411
143519040000 407
143527680000 402
143536320000 396
143544960000 389
143553600000 384
143562240000 384
143570880000 388
143579520000 388
143588160000 388
143596800000 389
143605440000 383
143614080000 378
143622720000 375
143631360000 377
143640000000 380
143648640000 383
143657280000 385
143665920000 385
143674560000 386
143683200000 384
143691840000 382
143700480000 377
143709120000 375
143717760000 373
143726400000 371
143735040000 365
143743680000 362
143752320000 360
143760960000 360
143769600000 360
143778240000 365
143786880000 373
143795520000 370
143804160000 368
143812800000 369
143821440000 374
143830080000 376
143838720000 380
143847360000 379
143856000000 377
143864640000 379
143873280000 380
143881920000 384
143890560000 387
143899200000 387
143907840000 383
143916480000 379
143925120000 376
143933760000 372
143942400000 370
143951040000 369
143959680000 372
143968320000 372
143976960000 372
143985600000 372
143994240000 373
144002880000 372
144011520000 371
144020160000 365
144028800000 362
144037440000 360
144046080000 363
144054720000 362
144063360000 363
144072000000 363
144080640000 363
144089280000 365
144097920000 363
144106560000 363
144115200000 364
144123840000 366
144132480000 367
144141120000 367
144149760000 365
144158400000 362
144167040000 360
144175680000 360
144184320000 362
144192960000 361
144201600000 357
144210240000 352
144218880000 345
144227520000 349
144236160000 352
144244800000 354
144253440000 354
144262080000 355
144270720000 354
144279360000 352
144288000000 353
144296640000 352
144305280000 350
144313920000 342
144322560000 331
144331200000 322
144339840000 319
144348480000 315
144357120000 321
144365760000 333
144374400000 342
144383040000 347
144391680000 351
144400320000 352
144408960000 351
144417600000 354
144426240000 356
144434880000 362
144443520000 368
144452160000 369
144460800000 370
144469440000 370
144478080000 371
144486720000 369
144495360000 374
144504000000 377
144512640000 378
144521280000 384
144529920000 404
144538560000 425
144547200000 447
144555840000 469
144564480000 492
144573120000 490
144581760000 477
144590400000 470
144599040000 471
144607680000 478
144616320000 481
144624960000 480
144633600000 467
144642240000 444
143095680000 324
143104320000 326
143112960000 327
143121600000 329
143130240000 330
143138880000 332
143147520000 334
143156160000 336
143164800000 338
143173440000 340
143182080000 341
143190720000 342
143199360000 343
143208000000 344
143216640000 345
143225280000 346
143233920000 348
143242560000 349
143251200000 350
143259840000 351
143268480000 352
143277120000 353
143285760000 354
143294400000 355
143303040000 355
143311680000 355
143320320000 354
143328960000 353
143337600000 353
143346240000 353
143354880000 353
143363520000 353
143372160000 354
143380800000 354
143389440000 354
143398080000 355
143406720000 355
143415360000 356
143424000000 356
143432640000 356
143441280000 356
143449920000 357
143458560000 358
143467200000 359
143475840000 359
143484480000 360
143493120000 362
143501760000 363
143510400000 365
143519040000 367
143527680000 369
143536320000 371
143544960000 372
143553600000 373
143562240000 374
143570880000 375
143579520000 376
143588160000 377
143596800000 378
143605440000 378
143614080000 379
143622720000 379
143631360000 379
143640000000 380
143648640000 380
143657280000 380
143665920000 381
143674560000 381
143683200000 381
143691840000 382
143700480000 383
143709120000 383
143717760000 384
143726400000 384
143735040000 384
143743680000 384
143752320000 383
143760960000 382
143769600000 380
143778240000 379
143786880000 378
143795520000 377
143804160000 376
143812800000 376
143821440000 375
143830080000 375
143838720000 375
143847360000 374
143856000000 374
143864640000 374
143873280000 374
143881920000 374
143890560000 374
143899200000 375
143907840000 375
143916480000 375
143925120000 374
143933760000 374
143942400000 373
143951040000 373
143959680000 373
143968320000 373
143976960000 373
143985600000 373
143994240000 373
144002880000 373
144011520000 374
144020160000 374
144028800000 374
144037440000 374
144046080000 373
144054720000 373
144063360000 373
144072000000 373
144080640000 372
144089280000 372
144097920000 371
144106560000 371
144115200000 370
144123840000 370
144132480000 370
144141120000 369
144149760000 368
144158400000 367
144167040000 367
144175680000 366
144184320000 366
144192960000 365
144201600000 365
144210240000 364
144218880000 363
144227520000 362
144236160000 362
144244800000 361
144253440000 361
144262080000 360
144270720000 359
144279360000 359
144288000000 359
144296640000 358
144305280000 358
144313920000 357
144322560000 356
144331200000 355
144339840000 353
144348480000 352
144357120000 350
144365760000 349
144374400000 349
144383040000 348
144391680000 347
144400320000 347
144408960000 347
144417600000 346
144426240000 346
144434880000 346
144443520000 346
144452160000 347
144460800000 347
144469440000 348
144478080000 349
144486720000 349
144495360000 350
144504000000 351
144512640000 352
144521280000 352
144529920000 354
144538560000 357
144547200000 360
144555840000 364
144564480000 368
144573120000 373
144581760000 378
144590400000 383
144599040000 388
144607680000 394
144616320000 399
144624960000 404
144633600000 408
144642240000 411