143328960000 185
143337600000 182
143346240000 178
143354880000 178
143363520000 182
143372160000 182
143380800000 183
143389440000 183
143398080000 183
143406720000 185
143415360000 185
143424000000 185
143432640000 186
143441280000 185
143449920000 188
143458560000 189
143467200000 188
143475840000 188
143484480000 189
143493120000 191
143501760000 191
143510400000 194
143519040000 197
143527680000 199
143536320000 196
143544960000 194
143553600000 193
143562240000 195
143570880000 195
143579520000 197
143588160000 201
143596800000 201
143605440000 201
143614080000 200
143622720000 201
143631360000 200
143640000000 200
143648640000 199
143657280000 199
143665920000 198
143674560000 200
143683200000 203
143691840000 206
143700480000 211
143709120000 215
143717760000 220
143726400000 222
143735040000 229
143743680000 232
143752320000 230
143760960000 229
143769600000 232
143778240000 235
143786880000 237
143795520000 235
143804160000 234
143812800000 234
143821440000 234
143830080000 234
143838720000 229
143847360000 224
143856000000 219
143864640000 215
143873280000 215
143881920000 212
143890560000 210
143899200000 209
143907840000 207
143916480000 208
143925120000 208
143933760000 207
143942400000 206
143951040000 203
143959680000 203
143968320000 204
143976960000 205
143985600000 212
143994240000 209
144002880000 206
144011520000 203
144020160000 202
144028800000 201
144037440000 203
144046080000 204
144054720000 204
144063360000 205
144072000000 201
144080640000 199
144089280000 198
144097920000 195
144106560000 192
144115200000 192
144123840000 190
144132480000 185
144141120000 182
144149760000 180
144158400000 179
144167040000 176
144175680000 182
144184320000 188
144192960000 189
144201600000 191
144210240000 191
144218880000 193
144227520000 195
144236160000 192
144244800000 188
144253440000 185
144262080000 182
144270720000 182
144279360000 184
144288000000 186
144296640000 188
144305280000 191
144313920000 188
144322560000 184
144331200000 178
144339840000 172
144348480000 168
144357120000 168
144365760000 171
144374400000 171
144383040000 177
144391680000 179
144400320000 183
144408960000 183
144417600000 182
144426240000 183
144434880000 184
144443520000 185
144452160000 185
144460800000 183
144469440000 182
144478080000 179
144486720000 175
144495360000 173
144504000000 174
144512640000 172
144521280000 174
144529920000 174
144538560000 177
144547200000 177
144555840000 175
144564480000 172
144573120000 172
144581760000 170
144590400000 170
144599040000 168
144607680000 167
144616320000 166
144624960000 166
144633600000 171
144642240000 172
144650880000 171
144659520000 170
144668160000 167
144676800000 167
144685440000 171
144694080000 175
144702720000 177
144711360000 176
144720000000 175
144728640000 173
144737280000 172
144745920000 170
144754560000 168
144763200000 165
144771840000 165
144780480000 165
144789120000 168
144797760000 170
144806400000 172
144815040000 174
144823680000 173
144832320000 171
144840960000 169
144849600000 168
144858240000 167
144866880000 169
144875520000 169
143328960000 201
143337600000 200
143346240000 198
143354880000 197
143363520000 196
143372160000 194
143380800000 193
143389440000 191
143398080000 190
143406720000 189
143415360000 187
143424000000 186
143432640000 185
143441280000 185
143449920000 185
143458560000 185
143467200000 185
143475840000 185
143484480000 185
143493120000 185
143501760000 185
143510400000 185
143519040000 186
143527680000 186
143536320000 186
143544960000 187
143553600000 187
143562240000 187
143570880000 187
143579520000 188
143588160000 188
143596800000 189
143605440000 190
143614080000 190
143622720000 191
143631360000 192
143640000000 192
143648640000 193
143657280000 193
143665920000 194
143674560000 194
143683200000 195
143691840000 195
143700480000 196
143709120000 197
143717760000 198
143726400000 199
143735040000 201
143743680000 202
143752320000 203
143760960000 205
143769600000 206
143778240000 207
143786880000 209
143795520000 210
143804160000 211
143812800000 213
143821440000 214
143830080000 215
143838720000 216
143847360000 217
143856000000 218
143864640000 218
143873280000 219
143881920000 219
143890560000 219
143899200000 220
143907840000 220
143916480000 220
143925120000 220
143933760000 221
143942400000 221
143951040000 221
143959680000 220
143968320000 220
143976960000 220
143985600000 219
143994240000 219
144002880000 218
144011520000 217
144020160000 216
144028800000 215
144037440000 214
144046080000 213
144054720000 212
144063360000 211
144072000000 210
144080640000 208
144089280000 207
144097920000 206
144106560000 205
144115200000 204
144123840000 203
144132480000 202
144141120000 201
144149760000 200
144158400000 199
144167040000 198
144175680000 197
144184320000 197
144192960000 196
144201600000 196
144210240000 195
144218880000 195
144227520000 195
144236160000 194
144244800000 193
144253440000 193
144262080000 192
144270720000 191
144279360000 190
144288000000 190
144296640000 189
144305280000 189
144313920000 188
144322560000 188
144331200000 187
144339840000 186
144348480000 185
144357120000 184
144365760000 184
144374400000 183
144383040000 182
144391680000 182
144400320000 182
144408960000 182
144417600000 182
144426240000 183
144434880000 183
144443520000 183
144452160000 182
144460800000 182
144469440000 182
144478080000 181
144486720000 181
144495360000 180
144504000000 180
144512640000 179
144521280000 179
144529920000 179
144538560000 178
144547200000 178
144555840000 178
144564480000 177
144573120000 177
144581760000 176
144590400000 176
144599040000 176
144607680000 176
144616320000 176
144624960000 175
144633600000 175
144642240000 175
144650880000 175
144659520000 175
144668160000 174
144676800000 174
144685440000 173
144694080000 173
144702720000 173
144711360000 172
144720000000 172
144728640000 172
144737280000 171
144745920000 171
144754560000 171
144763200000 171
144771840000 171
144780480000 170
144789120000 170
144797760000 170
144806400000 170
144815040000 170
144823680000 170
144832320000 170
144840960000 170
144849600000 170
144858240000 170
144866880000 170
144875520000 170